r = [0.0224, .0672, 0.225,0.668, 2.25]
s = [2.16e-7, 1.77e-06, 2.03e-05, 0.000186, 0.00202]

